(15, 1, 200) (50, 45, 100) (0, 0, 0) 
(15, 45, 200) (50, 45, 100) (0, 0, 0) 
(15, 47, 200) (50, 45, 100) (0, 0, 0) 
(30, 0, 50) (15, 50, 200) (50, 45, 100) (0, 0, 0) 
(30, 1, 50) (15, 50, 200) (50, 45, 100) (0, 0, 0) 
(30, 5, 50) (15, 50, 200) (50, 45, 100) (0, 0, 0) 
(30, 40, 50) (15, 50, 200) (50, 45, 100) (0, 0, 0) 
(40, 45, 60) (30, 45, 50) (50, 45, 100) (15, 50, 200) (0, 0, 0) 
(30, 190) 
(30, 50, 50) (40, 45, 60) (50, 45, 100) (15, 50, 200) (0, 0, 0) 
(40, 50, 60) (15, 50, 200) (50, 45, 100) (0, 0, 0) 
(50, 50, 100) (15, 50, 200) (40, 50, 60) (0, 0, 0) 
(40, 54, 60) (50, 50, 100) (15, 55, 200) (0, 0, 0) 
(50, 51, 100) (40, 55, 60) (15, 55, 200) (0, 0, 0) 
(40, 225) 
(50, 310) 
(15, 410) 
