(13320, 1147) 
(2609, 1265) 
(12639, 1501) 
(2116, 1619) 
(4727, 1703) 
(17218, 1712) 
(898, 2161) 
(16280, 2714) 
(14673, 3031) 
(15063, 3032) 
(7625, 3332) 
(13275, 3346) 
(13275, 3351) 
(15911, 3395) 
(11478, 3543) 
(9847, 4112) 
(6617, 4398) 
(16837, 4735) 
(2230, 4873) 
(2230, 4873) 
(2279, 4921) 
(17160, 5035) 
(5793, 5156) 
(13175, 5190) 
(11092, 5400) 
(17271, 5573) 
(14667, 5738) 
(5032, 5918) 
(10213, 6033) 
(10213, 6048) 
(16222, 6078) 
(10452, 6080) 
(8729, 6399) 
(776, 7164) 
(12556, 7361) 
(8016, 7504) 
(12261, 7600) 
(12860, 8125) 
(11685, 8406) 
(4480, 8876) 
(5274, 10091) 
(6872, 10108) 
(9977, 10325) 
(4582, 10363) 
(3128, 10419) 
(16627, 10482) 
(12228, 10932) 
(1862, 11868) 
(1208, 12295) 
(5959, 12589) 
(1129, 12664) 
(9357, 12705) 
(14556, 12742) 
(7898, 12948) 
(5998, 13041) 
(16398, 13134) 
(11425, 13340) 
(1196, 13595) 
(14281, 14145) 
(85, 14444) 
(1931, 14495) 
(12769, 14606) 
(17879, 15014) 
(18403, 15085) 
(8248, 15231) 
(4551, 15287) 
(10930, 15489) 
(10930, 15499) 
(14841, 15504) 
(19847, 15714) 
(2987, 15725) 
(2987, 15750) 
(1665, 15892) 
(2999, 15897) 
(2203, 15946) 
(15382, 16113) 
(6750, 16138) 
(7168, 16262) 
(9092, 16336) 
(9696, 16337) 
(16119, 16405) 
(16472, 17173) 
(18326, 17555) 
(2145, 17723) 
(2975, 18015) 
(8677, 18420) 
(8468, 18675) 
(4068, 18832) 
(3100, 18854) 
(1519, 18863) 
(1519, 18888) 
(5659, 18999) 
(4834, 19027) 
(481, 19629) 
(14409, 19890) 
(2579, 19929) 
(2579, 19929) 
(4790, 19996) 
(4790, 20006) 
(1775, 20074) 
(2443, 20218) 
(2443, 20218) 
(15877, 20257) 
(449, 20437) 
(15449, 20959) 
(13678, 21071) 
(7615, 21689) 
(12956, 21877) 
(5286, 22056) 
(4500, 22473) 
(3288, 22707) 
(11867, 22771) 
(10914, 23126) 
(5034, 23341) 
(14426, 23399) 
(2455, 23628) 
(10663, 23634) 
(2455, 23639) 
(6988, 23696) 
(3905, 23952) 
(8627, 23970) 
(3699, 24128) 
(4580, 24739) 
(16857, 24897) 
(18944, 25107) 
(10766, 25393) 
(19852, 26031) 
(11278, 26109) 
(13118, 27573) 
(13118, 27573) 
(1687, 27637) 
(10121, 27779) 
(4046, 28269) 
(12140, 28501) 
(10753, 28645) 
(7264, 28656) 
(11056, 28764) 
(6861, 29031) 
(15354, 29369) 
(2912, 30367) 
(16302, 30590) 
(17660, 30793) 
(7756, 30879) 
(10083, 31022) 
(365, 31310) 
(365, 31310) 
(8175, 31899) 
(5864, 32065) 
(2314, 32800) 
(3555, 32935) 
(10383, 32987) 
(17914, 33142) 
(17914, 33142) 
(6421, 33199) 
(15538, 33444) 
(12269, 33660) 
(5844, 33701) 
(10733, 33992) 
(12635, 34018) 
(15202, 34434) 
(2041, 34473) 
(8454, 34849) 
(9760, 34902) 
(11436, 35220) 
(15005, 35347) 
(5777, 36190) 
(3999, 36612) 
(16858, 36831) 
(5591, 36953) 
(12188, 37011) 
(7328, 37029) 
(7328, 37044) 
(7416, 37237) 
(5243, 37340) 
(18626, 37389) 
(6413, 37534) 
(7738, 37810) 
(758, 37959) 
(3243, 38412) 
(5227, 38544) 
(16872, 38552) 
(18717, 38808) 
(18717, 38808) 
(16599, 38830) 
(9579, 39245) 
(11137, 39838) 
(7517, 39890) 
(14513, 39945) 
(7387, 40043) 
(19255, 40443) 
(11534, 40644) 
(13204, 40745) 
(4125, 40922) 
(8116, 41760) 
(10050, 41820) 
(18272, 41881) 
(16644, 41961) 
(5503, 42604) 
(10812, 43101) 
(19854, 43194) 
(18933, 43229) 
(6568, 43310) 
(8325, 43449) 
(19769, 43486) 
(8796, 43623) 
(1268, 43705) 
(10131, 43765) 
(11019, 44629) 
(3579, 44770) 
(11642, 45138) 
(11642, 45138) 
(5783, 45232) 
(5157, 45323) 
(8808, 45520) 
(9044, 45781) 
(11658, 45848) 
(4915, 45913) 
(5991, 45937) 
(9651, 46093) 
(16540, 46121) 
(16540, 46121) 
(6345, 46140) 
(6930, 46182) 
(5914, 46694) 
(17626, 46930) 
(16482, 47968) 
(2732, 47969) 
(1543, 48182) 
(3379, 48436) 
(11108, 48646) 
(14785, 48679) 
(11038, 48748) 
(7587, 48772) 
(11901, 49037) 
(8332, 49239) 
(3309, 49301) 
(5847, 49391) 
(5105, 49522) 
(12758, 49532) 
(1086, 49781) 
(10660, 49903) 
(9363, 49913) 
(8589, 50155) 
(1598, 50375) 
(10744, 50398) 
(18022, 50505) 
(8564, 50776) 
(12136, 50962) 
(13502, 51167) 
(16309, 51551) 
(16340, 51563) 
(11860, 51718) 
(452, 51835) 
(17216, 51944) 
(17662, 52070) 
(879, 52385) 
(1793, 52667) 
(4219, 53025) 
(5579, 53290) 
(12920, 53608) 
(12861, 53643) 
(11290, 53926) 
(2932, 53931) 
(14187, 53958) 
(2689, 54016) 
(14283, 54102) 
(7213, 54119) 
(8316, 54248) 
(7202, 54280) 
(7152, 54370) 
(15004, 54475) 
(7322, 54539) 
(8071, 54647) 
(9113, 54800) 
(9380, 54851) 
(10120, 54987) 
(11353, 55222) 
(12503, 55422) 
(12585, 55423) 
(12652, 55456) 
(13291, 55608) 
(13316, 55621) 
(13702, 55727) 
(15745, 56166) 
(15855, 56191) 
(16043, 56210) 
(16120, 56230) 
(18113, 56530) 
(18948, 56652) 
(19577, 56762) 
(19739, 56799) 
(980, 57009) 
(1798, 57177) 
(4812, 57723) 
(5210, 57775) 
(6212, 57991) 
(6509, 58029) 
(6733, 58072) 
(9837, 58579) 
(10672, 58716) 
(11910, 58897) 
(12682, 59045) 
(13313, 59189) 
(13575, 59282) 
(14166, 59379) 
(15194, 59515) 
(15337, 59554) 
(15405, 59590) 
(17082, 59920) 
(17117, 59924) 
(19752, 60321) 
(924, 60498) 
(2429, 60812) 
(2714, 60833) 
(3451, 60963) 
(4233, 61074) 
(4678, 61169) 
(4885, 61214) 
(5769, 61378) 
(6002, 61413) 
(6068, 61414) 
(6512, 61498) 
(7103, 61594) 
(10176, 62097) 
(11314, 62251) 
(12923, 62543) 
(13268, 62623) 
(13563, 62704) 
(14300, 62826) 
(15708, 63124) 
(16082, 63176) 
(16474, 63254) 
(17259, 63353) 
(17498, 63386) 
(18233, 63479) 
(19053, 63610) 
(19490, 63663) 
(756, 63873) 
(983, 63909) 
(1151, 63935) 
(1193, 63952) 
(2355, 64164) 
(2419, 64182) 
(2484, 64185) 
(6534, 64836) 
(6653, 64847) 
(7009, 64896) 
(7285, 64969) 
(7570, 64999) 
(8925, 65210) 
(9715, 65342) 
(10828, 65494) 
(11669, 65630) 
(14127, 66087) 
(14801, 66178) 
(14829, 66181) 
(15091, 66214) 
(15618, 66371) 
(17606, 66673) 
(18558, 66792) 
(143, 67025) 
(338, 67071) 
(1085, 67169) 
(1974, 67321) 
(3074, 67486) 
(4856, 67783) 
(7089, 68135) 
(9109, 68434) 
(9124, 68442) 
(10082, 68593) 
(11522, 68789) 
(11729, 68828) 
(12666, 68978) 
(14403, 69315) 
(15269, 69418) 
(15325, 69433) 
(15451, 69486) 
(15655, 69553) 
(16204, 69633) 
(16638, 69733) 
(18992, 70021) 
(139, 70179) 
(3033, 70626) 
(3321, 70664) 
(4168, 70783) 
(4647, 70888) 
(4750, 70904) 
(5131, 70937) 
(6608, 71190) 
(6918, 71230) 
(7077, 71259) 
(7532, 71328) 
(8125, 71412) 
(8550, 71491) 
(8906, 71536) 
(9914, 71669) 
(11762, 71935) 
(12740, 72102) 
(14457, 72418) 
(15854, 72672) 
(16098, 72694) 
(16617, 72781) 
(17859, 72918) 
(18438, 72984) 
(18844, 73028) 
(19167, 73086) 
(443, 73272) 
(2214, 73547) 
(4462, 73875) 
(6860, 74231) 
(7466, 74321) 
(7996, 74390) 
(8843, 74509) 
(9114, 74537) 
(9390, 74583) 
(10005, 74652) 
(10017, 74665) 
(12308, 74991) 
(13127, 75114) 
(15414, 75510) 
(16199, 75650) 
(16860, 75751) 
(18289, 75907) 
(18492, 75935) 
(176, 76156) 
(265, 76174) 
(279, 76178) 
(554, 76207) 
(1032, 76264) 
(1647, 76367) 
(3032, 76569) 
(5321, 76901) 
(5718, 76967) 
(5825, 77003) 
(6969, 77131) 
(9616, 77482) 
(12442, 77866) 
(12587, 77881) 
(14843, 78271) 
(15667, 78444) 
(17520, 78670) 
(19218, 78870) 
(19638, 78918) 
(528, 79032) 
(929, 79072) 
(3125, 79392) 
(3140, 79396) 
(3521, 79463) 
(6109, 79829) 
(7507, 80013) 
(7794, 80043) 
(7858, 80056) 
(10101, 80347) 
(10641, 80413) 
(10956, 80427) 
(12613, 80672) 
(12713, 80695) 
(13157, 80752) 
(15348, 81110) 
(17344, 81425) 
(17889, 81477) 
(18024, 81492) 
(1618, 81932) 
(2835, 82109) 
(2901, 82113) 
(4230, 82275) 
(4398, 82314) 
(5298, 82434) 
(6220, 82596) 
(7851, 82766) 
(10007, 83030) 
(11012, 83142) 
(11984, 83292) 
(12465, 83358) 
(12744, 83394) 
(13257, 83478) 
(13380, 83506) 
(14226, 83662) 
(14313, 83672) 
(14458, 83689) 
(15397, 83804) 
(15478, 83831) 
(17241, 84070) 
(18375, 84173) 
(18598, 84197) 
(19770, 84345) 
(178, 84398) 
(346, 84420) 
(1867, 84610) 
(2195, 84656) 
(4873, 85006) 
(6166, 85191) 
(6370, 85227) 
(8146, 85403) 
(9531, 85585) 
(10039, 85640) 
(10793, 85723) 
(11105, 85744) 
(11942, 85854) 
(12287, 85914) 
(12393, 85931) 
(13323, 86057) 
(13394, 86079) 
(15364, 86342) 
(15462, 86368) 
(1056, 87003) 
(1063, 87008) 
(1354, 87057) 
(3324, 87302) 
(3359, 87311) 
(3831, 87375) 
(4216, 87415) 
(7143, 87806) 
(9687, 88103) 
(11595, 88308) 
(11602, 88310) 
(13325, 88530) 
(13374, 88536) 
(14171, 88686) 
(14609, 88708) 
(15074, 88747) 
(15640, 88869) 
(15693, 88873) 
(16258, 88935) 
(16636, 89006) 
(17860, 89115) 
(19013, 89230) 
(19853, 89326) 
(59, 89350) 
(2168, 89590) 
(2323, 89616) 
(2656, 89652) 
(2798, 89663) 
(3611, 89751) 
(4564, 89869) 
(5622, 90004) 
(5809, 90053) 
(7922, 90262) 
(9012, 90395) 
(11433, 90659) 
(12911, 90826) 
(13387, 90905) 
(13671, 90965) 
(14429, 91056) 
(15086, 91101) 
(16437, 91308) 
(16465, 91316) 
(17169, 91374) 
(17647, 91425) 
(18442, 91485) 
(1428, 91803) 
(2347, 91930) 
(4036, 92090) 
(4110, 92093) 
(5475, 92268) 
(5552, 92287) 
(7057, 92458) 
(7402, 92505) 
(8242, 92564) 
(8390, 92579) 
(9178, 92688) 
(9242, 92707) 
(9515, 92731) 
(10097, 92782) 
(12170, 92999) 
(12795, 93070) 
(13001, 93089) 
(13764, 93215) 
(13851, 93227) 
(13909, 93236) 
(14695, 93302) 
(15356, 93367) 
(16259, 93499) 
(17526, 93621) 
(18981, 93737) 
(19591, 93807) 
(19833, 93837) 
(160, 93870) 
(941, 93934) 
(1664, 94022) 
(2081, 94084) 
(2258, 94109) 
(2754, 94146) 
(3692, 94232) 
(4997, 94371) 
(5019, 94373) 
(5296, 94406) 
(5301, 94409) 
(5522, 94433) 
(6200, 94536) 
(7028, 94606) 
(8473, 94737) 
(10088, 94902) 
(11337, 95027) 
(11875, 95081) 
(12458, 95147) 
(12940, 95195) 
(13363, 95253) 
(15248, 95442) 
(15301, 95447) 
(16596, 95624) 
(16605, 95628) 
(16610, 95631) 
(18350, 95757) 
(19656, 95886) 
(74, 95929) 
(566, 95958) 
(3014, 96195) 
(3207, 96210) 
(4771, 96398) 
(5537, 96456) 
(5615, 96459) 
(6191, 96541) 
(6198, 96542) 
(6325, 96555) 
(6634, 96570) 
(6691, 96580) 
(6887, 96591) 
(7023, 96600) 
(7108, 96605) 
(7248, 96628) 
(9742, 96872) 
(10255, 96900) 
(11451, 97019) 
(11583, 97035) 
(12208, 97089) 
(13504, 97241) 
(13729, 97275) 
(14022, 97309) 
(15464, 97431) 
(16385, 97544) 
(18167, 97671) 
(18982, 97746) 
(19296, 97777) 
(19549, 97791) 
(19594, 97802) 
(802, 97889) 
(1294, 97944) 
(2560, 98089) 
(4165, 98204) 
(4560, 98260) 
(5790, 98388) 
(7184, 98477) 
(7661, 98502) 
(8682, 98615) 
(9095, 98648) 
(10989, 98799) 
(11381, 98853) 
(12220, 98920) 
(12295, 98926) 
(13188, 98997) 
(13224, 99015) 
(13549, 99062) 
(14149, 99121) 
(15128, 99185) 
(16455, 99352) 
(16483, 99355) 
(16902, 99372) 
(17052, 99384) 
(604, 99642) 
(1206, 99696) 
(1310, 99707) 
(1499, 99736) 
(1676, 99737) 
(1785, 99760) 
(2256, 99810) 
(3312, 99874) 
(3373, 99883) 
(3586, 99906) 
(3745, 99920) 
(3989, 99936) 
(4380, 99966) 
(5174, 100041) 
(5731, 100097) 
(5949, 100122) 
(6324, 100154) 
(7142, 100192) 
(8045, 100256) 
(8515, 100311) 
(9068, 100349) 
(9276, 100381) 
(10003, 100419) 
(10499, 100477) 
(10554, 100481) 
(11355, 100540) 
(12914, 100662) 
(13252, 100694) 
(13300, 100703) 
(13651, 100745) 
(15549, 100912) 
(15907, 100964) 
(17574, 101073) 
(18416, 101116) 
(1408, 101343) 
(3269, 101483) 
(3717, 101522) 
(4524, 101582) 
(4706, 101617) 
(5093, 101624) 
(6250, 101730) 
(7377, 101781) 
(8518, 101876) 
(9195, 101918) 
(9411, 101938) 
(9504, 101940) 
(10221, 101981) 
(10338, 101995) 
(11220, 102070) 
(11720, 102100) 
(12306, 102141) 
(13569, 102255) 
(14963, 102346) 
(15345, 102372) 
(15569, 102420) 
(15792, 102450) 
(16634, 102510) 
(17045, 102530) 
(688, 102781) 
(1996, 102889) 
(2222, 102909) 
(2223, 102914) 
(3520, 102993) 
(4552, 103057) 
(4684, 103077) 
(5186, 103093) 
(5696, 103131) 
(6498, 103196) 
(6655, 103200) 
(8634, 103329) 
(8811, 103340) 
(8845, 103343) 
(9601, 103377) 
(10320, 103422) 
(11071, 103460) 
(11616, 103510) 
(12008, 103538) 
(13430, 103648) 
(13455, 103653) 
(15444, 103797) 
(16240, 103882) 
(18487, 104000) 
(19848, 104112) 
(643, 104158) 
(1728, 104237) 
(1879, 104248) 
(4427, 104406) 
(5271, 104445) 
(6386, 104526) 
(7782, 104579) 
(8738, 104652) 
(9240, 104679) 
(12627, 104857) 
(15096, 105040) 
(15597, 105100) 
(15700, 105106) 
(16421, 105165) 
(16913, 105180) 
(17178, 105185) 
(17444, 105215) 
(17567, 105217) 
(18864, 105285) 
(19720, 105356) 
(19923, 105376) 
(1760, 105484) 
(1967, 105498) 
(2383, 105523) 
(2743, 105542) 
(4243, 105613) 
(4336, 105620) 
(4348, 105623) 
(4780, 105657) 
(5625, 105689) 
(7952, 105807) 
(8005, 105811) 
(8433, 105838) 
(10492, 105947) 
(11123, 105973) 
(11125, 105976) 
(11977, 106020) 
(13402, 106118) 
(13917, 106162) 
(15424, 106257) 
(17279, 106362) 
(17665, 106378) 
(17730, 106380) 
(18872, 106439) 
(19561, 106495) 
(19723, 106502) 
(19893, 106510) 
(228, 106521) 
(1159, 106562) 
(1684, 106606) 
(2326, 106636) 
(2392, 106639) 
(3851, 106706) 
(4385, 106730) 
(4563, 106731) 
(5329, 106759) 
(5738, 106794) 
(6152, 106821) 
(7109, 106846) 
(7250, 106856) 
(7255, 106859) 
(8436, 106913) 
(9130, 106941) 
(9659, 106959) 
(9666, 106961) 
(10016, 106975) 
(10350, 106995) 
(12675, 107109) 
(13841, 107199) 
(15455, 107298) 
(15481, 107300) 
(15488, 107304) 
(15637, 107318) 
(15744, 107328) 
(16073, 107351) 
(17303, 107391) 
(18219, 107419) 
(18674, 107444) 
(316, 107535) 
(762, 107541) 
(1459, 107589) 
(2194, 107621) 
(3519, 107672) 
(5349, 107731) 
(5727, 107748) 
(6147, 107778) 
(7239, 107802) 
(7809, 107820) 
(7928, 107825) 
(10035, 107903) 
(10606, 107928) 
(11644, 107978) 
(11957, 107986) 
(12724, 108032) 
(14078, 108121) 
(14151, 108123) 
(15529, 108200) 
(18638, 108303) 
(19059, 108332) 
(19871, 108373) 
(945, 108401) 
(1209, 108425) 
(1285, 108428) 
(1432, 108431) 
(3248, 108490) 
(3513, 108507) 
(4317, 108530) 
(5144, 108553) 
(5737, 108576) 
(7690, 108619) 
(8251, 108639) 
(8422, 108653) 
(10455, 108719) 
(10692, 108724) 
(11115, 108739) 
(11574, 108764) 
(12248, 108786) 
(13109, 108823) 
(13213, 108838) 
(14432, 108912) 
(15819, 108977) 
(15821, 108979) 
(16206, 108990) 
(17335, 109023) 
(17354, 109028) 
(19089, 109088) 
(483, 109141) 
(1466, 109167) 
(1470, 109170) 
(2054, 109184) 
(2546, 109199) 
(3023, 109213) 
(3305, 109218) 
(4617, 109260) 
(5226, 109269) 
(5746, 109286) 
(5925, 109289) 
(5973, 109294) 
(6997, 109317) 
(7775, 109325) 
(10389, 109403) 
(11179, 109419) 
(12631, 109463) 
(12872, 109477) 
(13216, 109496) 
(13255, 109500) 
(13470, 109510) 
(13571, 109518) 
(13707, 109522) 
(13904, 109532) 
(13941, 109539) 
(14357, 109554) 
(14645, 109555) 
(14860, 109566) 
(15062, 109567) 
(15518, 109597) 
(15740, 109602) 
(16347, 109613) 
(16393, 109620) 
(16665, 109621) 
(17181, 109631) 
(17929, 109641) 
(18523, 109660) 
(18838, 109665) 
(18960, 109679) 
(19291, 109696) 
(204, 109725) 
(896, 109731) 
(1122, 109739) 
(1169, 109742) 
(3020, 109777) 
(4701, 109819) 
(6181, 109841) 
(8412, 109867) 
(8496, 109876) 
(9137, 109892) 
(9723, 109910) 
(11170, 109933) 
(11944, 109944) 
(12326, 109960) 
(12699, 109968) 
(13034, 109978) 
(13199, 109988) 
(13429, 109993) 
(13920, 110004) 
(14162, 110009) 
(15303, 110036) 
(15864, 110047) 
(18255, 110080) 
(18850, 110083) 
(2400, 110161) 
(3329, 110170) 
(3601, 110176) 
(3975, 110184) 
(4172, 110186) 
(4576, 110194) 
(5448, 110195) 
(5512, 110196) 
(6140, 110203) 
(6705, 110206) 
(7723, 110212) 
(8081, 110214) 
(9667, 110254) 
(11095, 110270) 
(11458, 110272) 
(12023, 110290) 
(12593, 110293) 
(13537, 110305) 
(14734, 110325) 
(18016, 110369) 
(19213, 110385) 
(19214, 110389) 
(19942, 110412) 
(948, 110418) 
(1192, 110419) 
(2059, 110434) 
(2808, 110435) 
(3829, 110443) 
(4383, 110445) 
(5716, 110449) 
(6773, 110453) 
(8297, 110456) 
(8865, 110476) 
(9250, 110486) 
(10211, 110487) 
(10993, 110496) 
(11979, 110502) 
(12719, 110512) 
(13166, 110517) 
(14235, 110526) 
(14648, 110531) 
(15222, 110532) 
(15376, 110541) 
(15378, 110546) 
(16364, 110553) 
(16776, 110555) 
(17809, 110560) 
(19332, 110576) 
(19419, 110581) 
(19559, 110585) 
(19662, 110590) 
(294, 110592) 
(1761, 110593) 
(1960, 110597) 
(3401, 110601) 
(8482, 110603) 
(8499, 110604) 
(8784, 110607) 
(9216, 110609) 
(10303, 110611) 
(11477, 110615) 
(12011, 110617) 
(13820, 110621) 
(15241, 110622) 
(16005, 110625) 
(18222, 110626) 
(18932, 110630) 
(18988, 110634) 
